session_id
ses-20181109_sample_1
ses-20181109_sample_10
ses-20181109_sample_2
ses-20181109_sample_3
ses-20181109_sample_5
ses-20181109_sample_7
ses-20181109_sample_8
ses-20181109_sample_9
